1758200844060 1.0 0
1758200844181 1.0 0
1758200844311 1.0 0
1758200844440 1.0 0
1758200844558 1.0 0
1758200844674 1.0 0
1758200844802 1.0 0
1758200844921 1.0 0
1758200845047 1.0 0
1758200845180 1.0 0
1758200845309 1.0 0
1758200845440 1.0 0
1758200845570 1.0 0
1758200845700 1.0 0
1758200845822 1.0 0
1758200845952 1.0 0
1758200846081 1.0 0
1758200846211 1.0 0
1758200846345 1.0 0
1758200846475 1.0 0
1758200846605 1.0 0
1758200846721 1.0 0
1758200846845 1.0 0
1758200846975 1.0 0
1758200847103 1.0 0
1758200847237 1.0 0
1758200847365 1.0 0
1758200847500 1.0 0
1758200847630 1.0 0
1758200847756 1.0 0
1758200847885 1.0 0
1758200848016 1.0 0
1758200848146 1.0 0
1758200848277 1.0 0
1758200848406 1.0 0
1758200848532 1.0 0
1758200848646 1.0 0
1758200848763 1.0 0
1758200848892 1.0 0
1758200849020 1.0 0
1758200849149 1.0 0
1758200849274 1.0 0
1758200849397 1.0 0
1758200849522 1.0 0
1758200849650 1.0 0
1758200849777 1.0 0
1758200849906 1.0 0
1758200850032 1.0 0
1758200850148 1.0 0
1758200850270 1.0 0
1758200850395 1.0 0
1758200850525 1.0 0
1758200850638 1.0 0
1758200850752 1.0 0
1758200850875 1.0 0
1758200851005 1.0 0
1758200851137 1.0 0
1758200851267 1.0 0
1758200851396 1.0 0
1758200851526 1.0 0
1758200851656 1.0 0
1758200851785 1.0 0
1758200851914 1.0 0
1758200852043 1.0 0
1758200852171 1.0 0
1758200852302 1.0 0
1758200852432 1.0 0
1758200852584 1.0 0
1758200852712 1.0 0
1758200852830 1.0 0
1758200852966 1.0 0
1758200853096 1.0 0
1758200853229 1.0 0
1758200853360 1.0 0
1758200853490 1.0 0
1758200853606 1.0 0
1758200853735 1.0 0
1758200853865 1.0 0
1758200853994 1.0 0
1758200854129 1.0 0
1758200854259 1.0 0
1758200854386 1.0 0
1758200854516 1.0 0
1758200854646 1.0 0
1758200854762 1.0 0
1758200854889 1.0 0
1758200855013 1.0 0
1758200855144 1.0 0
1758200855274 1.0 0
1758200855404 1.0 0
1758200855533 1.0 0
1758200855660 1.0 0
1758200855786 1.0 0
1758200855914 1.0 0
1758200856041 1.0 0
1758200856172 1.0 0
1758200856304 1.0 0
1758200856435 1.0 0
1758200856547 1.0 0
1758200856675 1.0 0
