1758200844060 0.0 0
1758200844181 0.0 0
1758200844312 0.0 0
1758200844441 0.0 0
1758200844558 0.0 0
1758200844675 0.0 0
1758200844802 0.0 0
1758200844921 0.0 0
1758200845048 0.0 0
1758200845182 0.0 0
1758200845310 0.0 0
1758200845440 0.0 0
1758200845570 0.0 0
1758200845700 0.0 0
1758200845823 0.0 0
1758200845953 0.0 0
1758200846082 0.0 0
1758200846212 0.0 0
1758200846346 0.0 0
1758200846476 0.0 0
1758200846606 0.0 0
1758200846722 0.0 0
1758200846845 0.0 0
1758200846975 0.0 0
1758200847104 0.0 0
1758200847238 0.0 0
1758200847366 0.0 0
1758200847501 0.0 0
1758200847630 0.0 0
1758200847756 0.0 0
1758200847886 0.0 0
1758200848016 0.0 0
1758200848146 0.0 0
1758200848277 0.0 0
1758200848406 0.0 0
1758200848532 0.0 0
1758200848647 0.0 0
1758200848764 0.0 0
1758200848893 0.0 0
1758200849021 0.0 0
1758200849149 0.0 0
1758200849275 0.0 0
1758200849397 0.0 0
1758200849523 0.0 0
1758200849650 0.0 0
1758200849777 0.0 0
1758200849907 0.0 0
1758200850032 0.0 0
1758200850149 0.0 0
1758200850272 0.0 0
1758200850395 0.0 0
1758200850525 0.0 0
1758200850638 0.0 0
1758200850752 0.0 0
1758200850875 0.0 0
1758200851005 0.0 0
1758200851138 0.0 0
1758200851268 0.0 0
1758200851396 0.0 0
1758200851526 0.0 0
1758200851657 0.0 0
1758200851785 0.0 0
1758200851914 0.0 0
1758200852043 0.0 0
1758200852172 0.0 0
1758200852303 0.0 0
1758200852433 0.0 0
1758200852586 0.0 0
1758200852713 0.0 0
1758200852831 0.0 0
1758200852967 0.0 0
1758200853097 0.0 0
1758200853231 0.0 0
1758200853360 0.0 0
1758200853490 0.0 0
1758200853607 0.0 0
1758200853736 0.0 0
1758200853865 0.0 0
1758200853996 0.0 0
1758200854130 0.0 0
1758200854260 0.0 0
1758200854386 0.0 0
1758200854516 0.0 0
1758200854646 0.0 0
1758200854762 0.0 0
1758200854889 0.0 0
1758200855013 0.0 0
1758200855145 0.0 0
1758200855274 0.0 0
1758200855404 0.0 0
1758200855534 0.0 0
1758200855661 0.0 0
1758200855787 0.0 0
1758200855915 0.0 0
1758200856041 0.0 0
1758200856173 0.0 0
1758200856305 0.0 0
1758200856435 0.0 0
1758200856547 0.0 0
1758200856675 0.0 0
