1758200844059 0.00028967857360839844 0
1758200844180 0.00021409988403320312 0
1758200844311 0.0002219676971435547 0
1758200844440 0.00023293495178222656 0
1758200844557 0.000202178955078125 0
1758200844674 0.0001983642578125 0
1758200844801 0.0001919269561767578 0
1758200844920 0.00018787384033203125 0
1758200845046 0.00044798851013183594 0
1758200845179 0.0004067420959472656 0
1758200845309 0.0002028942108154297 0
1758200845439 0.00019407272338867188 0
1758200845569 0.0002219676971435547 0
1758200845699 0.0002040863037109375 0
1758200845822 0.00021886825561523438 0
1758200845951 0.000202178955078125 0
1758200846081 0.00018787384033203125 0
1758200846210 0.0002067089080810547 0
1758200846344 0.00041294097900390625 0
1758200846475 0.00020194053649902344 0
1758200846605 0.0002079010009765625 0
1758200846721 0.00020074844360351562 0
1758200846844 0.00019812583923339844 0
1758200846974 0.00021004676818847656 0
1758200847103 0.00022602081298828125 0
1758200847235 0.000469207763671875 0
1758200847364 0.000408172607421875 0
1758200847499 0.00039696693420410156 0
1758200847629 0.00019788742065429688 0
1758200847755 0.00020599365234375 0
1758200847885 0.0002009868621826172 0
1758200848015 0.00020575523376464844 0
1758200848145 0.0002071857452392578 0
1758200848276 0.0001971721649169922 0
1758200848405 0.0002071857452392578 0
1758200848531 0.0002238750457763672 0
1758200848646 0.0001900196075439453 0
1758200848763 0.00020384788513183594 0
1758200848892 0.0001900196075439453 0
1758200849020 0.0001971721649169922 0
1758200849148 0.00021600723266601562 0
1758200849274 0.00020813941955566406 0
1758200849396 0.0006389617919921875 0
1758200849522 0.00019693374633789062 0
1758200849649 0.00020503997802734375 0
1758200849776 0.0002560615539550781 0
1758200849906 0.00019311904907226562 0
1758200850031 0.00019407272338867188 0
1758200850148 0.0002009868621826172 0
1758200850270 0.0002307891845703125 0
1758200850394 0.0001900196075439453 0
1758200850524 0.00020003318786621094 0
1758200850637 0.00019478797912597656 0
1758200850751 0.00019669532775878906 0
1758200850875 0.00019407272338867188 0
1758200851004 0.00023603439331054688 0
1758200851136 0.00044727325439453125 0
1758200851267 0.00020503997802734375 0
1758200851395 0.0002009868621826172 0
1758200851525 0.0002040863037109375 0
1758200851656 0.0002009868621826172 0
1758200851784 0.00020313262939453125 0
1758200851913 0.0002079010009765625 0
1758200852042 0.00019598007202148438 0
1758200852171 0.00020122528076171875 0
1758200852301 0.00022792816162109375 0
1758200852431 0.0006237030029296875 0
1758200852582 0.00044798851013183594 0
1758200852712 0.0003483295440673828 0
1758200852830 0.0002071857452392578 0
1758200852964 0.0004131793975830078 0
1758200853096 0.0002002716064453125 0
1758200853228 0.0005712509155273438 0
1758200853359 0.00019693374633789062 0
1758200853489 0.00019311904907226562 0
1758200853606 0.00020623207092285156 0
1758200853735 0.00020313262939453125 0
1758200853864 0.0001971721649169922 0
1758200853993 0.00023412704467773438 0
1758200854128 0.00020575523376464844 0
1758200854259 0.0002028942108154297 0
1758200854385 0.00025391578674316406 0
1758200854515 0.00019693374633789062 0
1758200854645 0.00019288063049316406 0
1758200854761 0.00019407272338867188 0
1758200854888 0.0001919269561767578 0
1758200855012 0.00041103363037109375 0
1758200855144 0.00022125244140625 0
1758200855273 0.00019288063049316406 0
1758200855403 0.00021600723266601562 0
1758200855533 0.00019884109497070312 0
1758200855660 0.00020623207092285156 0
1758200855786 0.00020503997802734375 0
1758200855914 0.0002079010009765625 0
1758200856040 0.0002543926239013672 0
1758200856171 0.00047206878662109375 0
1758200856303 0.00046181678771972656 0
1758200856434 0.00020313262939453125 0
1758200856546 0.0002110004425048828 0
1758200856675 0.0001990795135498047 0
